<?xml version="1.0"?>
<opencv_storage>
<calibration_time>"Fri Jul 15 20:00:11 2016"</calibration_time>
<nr_of_frames>10</nr_of_frames>
<image_width>1280</image_width>
<image_height>720</image_height>
<board_width>9</board_width>
<board_height>6</board_height>
<square_size>2.4200000762939453e+00</square_size>
<fix_aspect_ratio>1.</fix_aspect_ratio>
<!-- flags: +fix_aspectRatio +fix_principal_point +zero_tangent_dist -->
<flags>6158</flags>
<fisheye_model>0</fisheye_model>
<camera_matrix type_id="opencv-matrix">
  <rows>3</rows>
  <cols>3</cols>
  <dt>d</dt>
  <data>
    1.0767398105584730e+03 0. 6.3950000000000000e+02 0.
    1.0767398105584730e+03 3.5950000000000000e+02 0. 0. 1.</data></camera_matrix>
<distortion_coefficients type_id="opencv-matrix">
  <rows>5</rows>
  <cols>1</cols>
  <dt>d</dt>
  <data>
    1.3448160962362851e-01 1.7077892074952247e-02 0. 0.
    -4.3564077363385545e-01</data></distortion_coefficients>
<avg_reprojection_error>7.9827824353004673e-01</avg_reprojection_error>
<per_view_reprojection_errors type_id="opencv-matrix">
  <rows>10</rows>
  <cols>1</cols>
  <dt>f</dt>
  <data>
    9.64234710e-01 9.18100893e-01 8.52053583e-01 7.24308908e-01
    7.13448584e-01 8.50804448e-01 5.74860930e-01 9.05667901e-01
    8.13853145e-01 5.50701022e-01</data></per_view_reprojection_errors>
<extrinsic_parameters type_id="opencv-matrix">
  <rows>10</rows>
  <cols>6</cols>
  <dt>d</dt>
  <data>
    6.2874169794267978e-02 7.9216562281003391e-02
    -3.1385972169068088e+00 3.2059059499889204e+00
    4.4175177299037447e+00 3.8401554818863126e+01 1.1820670490556183e-01
    1.5253250765013240e-01 -3.1171456469046213e+00
    1.6819795103225297e+00 4.6241765371253898e+00 3.8130550678684088e+01
    7.3246599025116821e-02 1.8118209907354597e-02 3.0026271612783719e+00
    -4.8477393928583599e+00 -7.3255906661765613e-01
    7.8230986837259223e+01 5.5303965374051814e-02 1.8283762249918517e-01
    3.0604233733624895e+00 2.8913089884368329e+01
    -1.9800390195944906e+00 5.9846148757500281e+01
    1.7622568082627174e-01 2.9807744133229525e-01 3.0703060444938117e+00
    5.2155695576251271e-01 1.0212452631354534e+01 4.9470555170648730e+01
    3.6996173152192106e-03 -7.7036285232298468e-02
    2.9732152348520362e+00 2.3278261249195950e+01 5.8125045717705257e+00
    4.7193835812898868e+01 -1.6146831626572999e-01
    4.0962516833296064e-01 3.0733205220577351e+00 3.3223369573842949e+00
    1.1590201158153606e+00 6.0767796788492539e+01
    -8.5438908716491110e-02 1.1380452645018502e-01
    3.0742115493553763e+00 5.9457951977480361e+00 4.2967555630374035e+00
    3.3008369803996814e+01 -1.3416491827302215e-01
    5.3166492714535017e-03 3.0710470630899120e+00 1.5397789989540941e+01
    5.1262246344783540e+00 3.4224181955585379e+01
    -1.7150145601464625e-01 4.2343024292792131e-01
    -3.0498346354144976e+00 7.7335647484505294e+00
    -7.0034458596006310e-01 5.8858056954892319e+01</data></extrinsic_parameters>
<image_points type_id="opencv-matrix">
  <rows>10</rows>
  <cols>54</cols>
  <dt>"2f"</dt>
  <data>
    7.27383972e+02 4.82680481e+02 6.60216309e+02 4.82973022e+02
    5.92885925e+02 4.83467194e+02 5.24495911e+02 4.84392975e+02
    4.55507233e+02 4.85135956e+02 3.85263763e+02 4.86337982e+02
    3.13579346e+02 4.87363678e+02 2.40774887e+02 4.88636017e+02
    1.65889511e+02 4.90201538e+02 7.28276917e+02 4.15975281e+02
    6.60623291e+02 4.15741882e+02 5.93247681e+02 4.15879639e+02
    5.24542603e+02 4.16340210e+02 4.55471863e+02 4.16688477e+02
    3.84958374e+02 4.17174133e+02 3.12826691e+02 4.17771057e+02
    2.39771255e+02 4.18430206e+02 1.64399475e+02 4.19278412e+02
    7.29546082e+02 3.48604980e+02 6.61583923e+02 3.48553345e+02
    5.93586426e+02 3.48264374e+02 5.24548157e+02 3.47840576e+02
    4.55243378e+02 3.47755798e+02 3.84359131e+02 3.47878937e+02
    3.12207336e+02 3.47614410e+02 2.39250336e+02 3.47608856e+02
    1.63746933e+02 3.47829865e+02 7.30864075e+02 2.79600006e+02
    6.62328308e+02 2.79457001e+02 5.93620361e+02 2.78941589e+02
    5.24268372e+02 2.78498016e+02 4.54303009e+02 2.78011688e+02
    3.83608978e+02 2.77447571e+02 3.11246490e+02 2.76715057e+02
    2.38094681e+02 2.76091339e+02 1.62660187e+02 2.75411774e+02
    7.32499756e+02 2.09703629e+02 6.63093018e+02 2.09365295e+02
    5.93736694e+02 2.08955322e+02 5.23545593e+02 2.08286514e+02
    4.53250031e+02 2.07387939e+02 3.81919373e+02 2.06558258e+02
    3.09824890e+02 2.05539688e+02 2.36519501e+02 2.04588562e+02
    1.61323471e+02 2.03011292e+02 7.33966736e+02 1.38334076e+02
    6.63721802e+02 1.38089828e+02 5.93545898e+02 1.37328461e+02
    5.22622192e+02 1.36503082e+02 4.51683441e+02 1.35404907e+02
    3.80328674e+02 1.34479904e+02 3.07808838e+02 1.33202423e+02
    2.34984192e+02 1.31854706e+02 1.59834732e+02 1.30471146e+02
    6.85466492e+02 4.89142059e+02 6.17600708e+02 4.88755737e+02
    5.49342773e+02 4.88746368e+02 4.79371796e+02 4.88857788e+02
    4.08313599e+02 4.89098053e+02 3.35657806e+02 4.89608704e+02
    2.61182709e+02 4.90244354e+02 1.85366165e+02 4.90921692e+02
    1.06791031e+02 4.91782715e+02 6.87757812e+02 4.22654968e+02
    6.19463745e+02 4.21478973e+02 5.50493347e+02 4.20786194e+02
    4.80154572e+02 4.20264221e+02 4.08692352e+02 4.19695251e+02
    3.35606293e+02 4.19603699e+02 2.60519531e+02 4.19388489e+02
    1.83949738e+02 4.19139679e+02 1.04867699e+02 4.19416321e+02
    6.90405029e+02 3.54953583e+02 6.21394226e+02 3.53750214e+02
    5.51731262e+02 3.52320312e+02 4.80800018e+02 3.50812866e+02
    4.08808044e+02 3.49519257e+02 3.35316284e+02 3.48738495e+02
    2.60029053e+02 3.47590820e+02 1.83101318e+02 3.46633636e+02
    1.03755432e+02 3.45662140e+02 6.93264771e+02 2.85496216e+02
    6.23284241e+02 2.83789398e+02 5.52616028e+02 2.82131866e+02
    4.81208649e+02 2.79989410e+02 4.08535461e+02 2.78361694e+02
    3.34621277e+02 2.76473938e+02 2.58820465e+02 2.74560638e+02
    1.81714554e+02 2.72736023e+02 1.02348495e+02 2.70835938e+02
    6.95918823e+02 2.14589890e+02 6.25111084e+02 2.12798401e+02
    5.53687012e+02 2.10560989e+02 4.81150635e+02 2.08256668e+02
    4.07765991e+02 2.05607544e+02 3.33307892e+02 2.03299240e+02
    2.57708862e+02 2.00701736e+02 1.80039642e+02 1.98124619e+02
    1.00541542e+02 1.95314178e+02 6.98990784e+02 1.41530869e+02
    6.26720520e+02 1.39441864e+02 5.54359131e+02 1.37044861e+02
    4.80766205e+02 1.34106857e+02 4.06713440e+02 1.31230576e+02
    3.31799713e+02 1.28396149e+02 2.55393539e+02 1.25287186e+02
    1.78245499e+02 1.22339005e+02 9.87392807e+01 1.19157509e+02
    5.72574402e+02 3.49851196e+02 5.39859131e+02 3.54489288e+02
    5.07262909e+02 3.58730164e+02 4.74253754e+02 3.63434357e+02
    4.41361298e+02 3.67898651e+02 4.08275208e+02 3.72306488e+02
    3.75136017e+02 3.76776703e+02 3.41839081e+02 3.81441101e+02
    3.08438141e+02 3.85839935e+02 5.67917480e+02 3.16694672e+02
    5.35445618e+02 3.21464020e+02 5.02727325e+02 3.25848419e+02
    4.69836090e+02 3.30518127e+02 4.37016174e+02 3.35021179e+02
    4.04167450e+02 3.39435516e+02 3.70714539e+02 3.43732361e+02
    3.37736786e+02 3.48362610e+02 3.04066406e+02 3.52561005e+02
    5.63439392e+02 2.83646332e+02 5.30526550e+02 2.88375183e+02
    4.98449402e+02 2.93168243e+02 4.65339417e+02 2.97533386e+02
    4.32617981e+02 3.02201996e+02 3.99654327e+02 3.06666840e+02
    3.66676239e+02 3.11156860e+02 3.33710052e+02 3.15385925e+02
    2.98399017e+02 3.20911377e+02 5.58623657e+02 2.50446426e+02
    5.25845276e+02 2.55033600e+02 4.93104614e+02 2.59659302e+02
    4.60673248e+02 2.64302673e+02 4.27775391e+02 2.68917145e+02
    3.95341187e+02 2.73443573e+02 3.62409790e+02 2.77939148e+02
    3.29553711e+02 2.82387024e+02 2.93169678e+02 2.86318817e+02
    5.53694702e+02 2.16610870e+02 5.20671692e+02 2.21735809e+02
    4.88380157e+02 2.26385559e+02 4.55627411e+02 2.31247955e+02
    4.23105164e+02 2.35843597e+02 3.90567322e+02 2.40462723e+02
    3.58047333e+02 2.45055542e+02 3.25261841e+02 2.49557968e+02
    2.89180786e+02 2.54988998e+02 5.48398376e+02 1.83340912e+02
