<?xml version="1.0"?>
<opencv_storage>
<calibration_time>"Thu Jul  7 16:44:02 2016"</calibration_time>
<nr_of_frames>30</nr_of_frames>
<image_width>1280</image_width>
<image_height>720</image_height>
<board_width>9</board_width>
<board_height>6</board_height>
<square_size>2.4200000762939453e+00</square_size>
<fix_aspect_ratio>1.</fix_aspect_ratio>
<!-- flags: +fix_aspectRatio +fix_principal_point +zero_tangent_dist -->
<flags>6158</flags>
<fisheye_model>0</fisheye_model>
<camera_matrix type_id="opencv-matrix">
  <rows>3</rows>
  <cols>3</cols>
  <dt>d</dt>
  <data>
    1.0626639745213120e+03 0. 6.3950000000000000e+02 0.
    1.0626639745213120e+03 3.5950000000000000e+02 0. 0. 1.</data></camera_matrix>
<distortion_coefficients type_id="opencv-matrix">
  <rows>5</rows>
  <cols>1</cols>
  <dt>d</dt>
  <data>
    1.1922379167342032e-01 -4.6217263145722409e-01 0. 0.
    9.8226064542265434e-01</data></distortion_coefficients>
<avg_reprojection_error>6.0563816813124483e-01</avg_reprojection_error>
<per_view_reprojection_errors type_id="opencv-matrix">
  <rows>30</rows>
  <cols>1</cols>
  <dt>f</dt>
  <data>
    5.81883311e-01 5.58099627e-01 6.20374858e-01 8.36864650e-01
    5.66057622e-01 5.59077322e-01 4.25601900e-01 4.79908735e-01
    3.29059809e-01 3.97652417e-01 4.61125106e-01 1.91697240e+00
    7.12014556e-01 6.58215582e-01 6.25594318e-01 3.47331971e-01
    3.14151376e-01 3.67280066e-01 3.69135618e-01 3.76274586e-01
    4.66708243e-01 3.90546769e-01 3.99826586e-01 4.15161163e-01
    4.55254138e-01 5.05611837e-01 5.51710308e-01 5.54828703e-01
    3.97226542e-01 4.13848668e-01</data></per_view_reprojection_errors>
<extrinsic_parameters type_id="opencv-matrix">
  <rows>30</rows>
  <cols>6</cols>
  <dt>d</dt>
  <data>
    1.5514978921130285e-01 5.4888800180872110e-01 1.3021067864957820e+00
    -6.1687869394217341e+00 -8.6284604153614488e+00
    6.8133121081819795e+01 3.5161312104415088e-01 8.9687903629509536e-01
    1.1424830972439126e+00 1.4018659655198750e+01
    -8.2856834191820230e+00 7.5042900429718983e+01
    5.4317429216477753e-02 3.6089603717543028e-01 9.4442722259228540e-01
    -2.5483302873713797e+01 -5.5639244444066840e+00
    6.8056588715363404e+01 -3.1675135934017679e-01
    4.1318498143314036e-01 1.1153125233415815e+00
    -1.2692687533995155e+01 -1.1952472572906229e+01
    5.2224131710379467e+01 3.5401977262005280e-02 5.3569380822232260e-01
    1.0508932598651020e+00 -1.5404436513910909e+01
    -5.2240314629876421e+00 7.6470870690478307e+01
    6.2540590518767214e-01 8.3577550310633519e-01 1.0675970889593658e+00
    7.3697245549896291e+00 -1.5529040643349356e+01
    8.4613089397953630e+01 -4.4708795539590493e-02
    3.5005300181391630e-01 1.5142065608119764e+00 1.5032056529011806e+00
    -1.2541765482626037e+01 6.2757842752193142e+01
    -5.9674518546477162e-01 -3.2712077902428038e-01
    1.4459593664247878e+00 -9.9643870439342628e+00
    -1.3007656482766738e+01 5.7547621843852411e+01
    -3.0623911688568972e-01 -6.4083036314007538e-02
    1.4475173294536905e+00 -1.0841243306914043e+01
    -1.2581262640697071e+01 6.5037312500110630e+01
    1.2003837987497165e-01 3.4579664127541793e-01 1.3834481411567496e+00
    -6.0523466069305236e+00 -1.2481638820572520e+01
    7.8990531977047340e+01 -7.6366188909565313e-01
    -8.7787873727364185e-02 1.4171953105686474e+00
    -2.2192286637351774e+01 -5.0384248422016826e+00
    7.6012494999046837e+01 5.8607912447978561e-01 9.4675426945479602e-01
    1.1535554709334181e+00 8.6521357117055135e+00 1.8801497390811990e+00
    1.0858345315534061e+02 6.3032672427509961e-01 9.4662877207308904e-01
    1.1839879506133280e+00 9.8434459649466426e+00
    -1.1785559858106671e+01 6.7910775196722156e+01
    -1.3224015978344064e-01 3.4918536981415688e-01
    1.1553547533455883e+00 -1.7859693998046737e+01
    -8.9915113574761794e+00 5.5220125031754961e+01
    9.8308616692261944e-02 6.1490899954962408e-01 9.1716616714853383e-01
    -1.3003919094465974e+01 -6.9184915946315213e+00
    7.3982901489081740e+01 -2.3698432747332487e-01
    8.4276743804564749e-02 1.5999275278676794e+00 4.5442470212223913e+00
    -1.2143414810571427e+01 5.5138948758803998e+01
    -1.6852172139826457e-01 1.2914400334021325e-01
    1.5745113796228531e+00 6.5010150715925930e+00
    -1.3210555791408835e+01 5.4563234078164086e+01
    -1.4377563374393770e-01 1.4492647534485464e-01
    1.5928513598604832e+00 7.6362193233030853e+00
    -1.5140433040580582e+01 5.5315708140239515e+01
    -3.0785831853428158e-01 2.1168161612595673e-01
    1.5424033511124466e+00 2.6954677863140084e+00
    -8.6933338181710855e+00 5.9834407502087586e+01
    1.5764449571700409e-02 4.6368774064596663e-01 1.5156188992257917e+00
    1.4738388660893790e+01 -1.0958436075458282e+01
    5.9144440665031738e+01 -5.4273218622466035e-01
    -5.2271757912750755e-03 1.5081968175411808e+00
    -7.3692508384611415e+00 -8.9961878036119458e+00
    5.6692601474828699e+01 -3.2333173862997261e-01
    1.5113231376868722e-01 1.5825805937042405e+00 3.4419286408615060e+00
    -1.1847012150735335e+01 5.8727104538624687e+01
    -1.1153672749764126e-01 3.6968355421299215e-01
    1.4597390816571962e+00 7.7251503633242971e+00
    -1.1764032946877691e+01 5.9628345312009699e+01
    1.1891883483048210e-01 5.9447793309888486e-01 1.3739488443598331e+00
    1.6358653806802170e+01 -1.3108613677663364e+01
    5.9675111803432337e+01 1.8201743497908007e-01 6.5102308906502870e-01
    1.3029107613550415e+00 1.6754775967032060e+01
    -1.3113426972815420e+01 5.9947822584166389e+01
    3.6725686834830595e-01 7.6801247410573059e-01 1.2024435960350857e+00
    2.2538720277336822e+01 -1.3943960873576321e+01
    6.1790738142498917e+01 3.0945772633798108e-01 8.5941538397926809e-01
    1.1074118339899723e+00 2.2321315004537180e+01
    -7.0692350977969873e+00 6.5619074155647496e+01
    4.3730470586484549e-01 7.8956773886576748e-01 1.0606035899296704e+00
    1.9356102594046991e+01 -1.4937982933902408e+01
    6.2519025173547313e+01 -1.9257396320387055e-01
    1.8107882663194916e-01 1.3575955658635801e+00
    -6.1461588897063439e+00 -1.3904655410021295e+01
    6.0544458510236232e+01 -2.3587353183560858e-01
    2.1784811511575106e-01 1.4902887442772019e+00
    -1.9635497584298691e+00 -1.4133786957776303e+01
    6.2512203815060502e+01</data></extrinsic_parameters>
