<?xml version="1.0"?>
<opencv_storage>
<calibration_time>"Fri Jul 15 19:53:13 2016"</calibration_time>
<nr_of_frames>30</nr_of_frames>
<image_width>1280</image_width>
<image_height>720</image_height>
<board_width>9</board_width>
<board_height>6</board_height>
<square_size>2.4200000762939453e+00</square_size>
<fix_aspect_ratio>1.</fix_aspect_ratio>
<!-- flags: +fix_aspectRatio +fix_principal_point +zero_tangent_dist -->
<flags>6158</flags>
<fisheye_model>0</fisheye_model>
<camera_matrix type_id="opencv-matrix">
  <rows>3</rows>
  <cols>3</cols>
  <dt>d</dt>
  <data>
    1.0738727245789476e+03 0. 6.3950000000000000e+02 0.
    1.0738727245789476e+03 3.5950000000000000e+02 0. 0. 1.</data></camera_matrix>
<distortion_coefficients type_id="opencv-matrix">
  <rows>5</rows>
  <cols>1</cols>
  <dt>d</dt>
  <data>
    1.0786226520725994e-01 -1.2904873609969561e-01 0. 0.
    8.5574284203598361e-02</data></distortion_coefficients>
<avg_reprojection_error>7.0621044657373400e-01</avg_reprojection_error>
<per_view_reprojection_errors type_id="opencv-matrix">
  <rows>30</rows>
  <cols>1</cols>
  <dt>f</dt>
  <data>
    9.44346309e-01 8.80261540e-01 8.86049747e-01 7.26172507e-01
    7.31128931e-01 9.26448345e-01 5.79416931e-01 9.35916603e-01
    8.94591272e-01 5.63420832e-01 4.35706258e-01 1.91943264e+00
    7.05013990e-01 6.96621537e-01 6.03726566e-01 3.60469133e-01
    3.20300907e-01 3.86234283e-01 3.84108484e-01 4.05500114e-01
    4.93114620e-01 4.02932346e-01 4.10726845e-01 4.53238606e-01
    5.03008842e-01 5.45778871e-01 5.72892249e-01 5.98297238e-01
    3.93528700e-01 4.17812049e-01</data></per_view_reprojection_errors>
<extrinsic_parameters type_id="opencv-matrix">
  <rows>30</rows>
  <cols>6</cols>
  <dt>d</dt>
  <data>
    8.8287686683845013e-02 8.6676091263133637e-02
    -3.1376031768610368e+00 3.2026601457852917e+00
    4.4144821721313328e+00 3.8374841032919392e+01 1.4332197334252367e-01
    1.6019080496260169e-01 -3.1152021135286510e+00
    1.6711321285856298e+00 4.6191495487300669e+00 3.8073254366414709e+01
    5.2337240939471660e-02 1.0603766128686175e-02 3.0029236969185558e+00
    -4.8445679448324128e+00 -7.3451299749433652e-01
    7.8081054234934683e+01 8.4579118602655171e-02 1.8368124463048993e-01
    3.0608125588616208e+00 2.8873138306810770e+01
    -1.9749102675136956e+00 5.9183735361790525e+01
    1.6262736630133520e-01 3.1243712325010264e-01 3.0690236860745506e+00
    5.3922716135517268e-01 1.0194893403311143e+01 4.9225602150353879e+01
    3.2046462412613143e-02 -7.7623676942985428e-02
    2.9724833779832038e+00 2.3277686225800036e+01 5.8127228162967368e+00
    4.6716925522508269e+01 -1.6950998274862247e-01
    4.1040626007338354e-01 3.0723978129166523e+00 3.3284293732109620e+00
    1.1640823348581786e+00 6.0534038349812043e+01
    -1.0295793791194693e-01 1.1282690043455132e-01
    3.0734269704234864e+00 5.9505089285551689e+00 4.2981675366505323e+00
    3.2928954787611616e+01 -1.1514234071134487e-01
    5.1237440503172169e-03 3.0718001025419666e+00 1.5406603666264857e+01
    5.1256392782372755e+00 3.3937302156037397e+01
    -1.7233588361309904e-01 4.2744116553102746e-01
    -3.0490940178478678e+00 7.7327310022343161e+00
    -6.9741266053556794e-01 5.8609801846847148e+01
    -7.6061588119974977e-01 -9.3794984372225401e-02
    1.4197309693128395e+00 -2.2232857237892144e+01
    -5.0452020184220077e+00 7.7048709597084212e+01
    5.8679921196824969e-01 9.4553711426865483e-01 1.1542986901410879e+00
    8.6524261665471016e+00 1.8819996939103822e+00 1.0971109801590708e+02
    6.2950791899569025e-01 9.4567511543612948e-01 1.1841936693311590e+00
    9.8467338802114668e+00 -1.1784746279697035e+01
    6.8639589371260669e+01 -1.2490817785178084e-01
    3.5420042848233196e-01 1.1561251496336522e+00
    -1.7858798571054237e+01 -8.9961246602800458e+00
    5.5897878974958900e+01 1.0019982172504054e-01 6.1640313886199938e-01
    9.1730059273362496e-01 -1.3000164459571122e+01
    -6.9190739106607078e+00 7.4737627621967903e+01
    -2.3798714240053084e-01 8.5899308425546092e-02
    1.5998953739394484e+00 4.5444905665762469e+00
    -1.2138341877553735e+01 5.5693952279896408e+01
    -1.7021836137601376e-01 1.3059301214590474e-01
    1.5744154011916252e+00 6.5006096226032657e+00
    -1.3205312275876326e+01 5.5125139076473936e+01
    -1.4643806627869060e-01 1.4678724842384300e-01
    1.5926934822641352e+00 7.6354367599094406e+00
    -1.5133290901726761e+01 5.5900176339759035e+01
    -3.0818928453944477e-01 2.1269009135176498e-01
    1.5424040746834788e+00 2.6972941144400147e+00
    -8.6890083764875836e+00 6.0414229922581455e+01
    1.4224042884177458e-02 4.6274447111886979e-01 1.5154763380162954e+00
    1.4738454634382069e+01 -1.0956081836028972e+01
    5.9780219793801166e+01 -5.3924460462519919e-01
    -5.5336035289334767e-03 1.5093259899137723e+00
    -7.3660878848243607e+00 -9.0007280345115532e+00
    5.7310556615102655e+01 -3.2399429671830610e-01
    1.5263911798003313e-01 1.5825664021728676e+00 3.4433013453862307e+00
    -1.1840531176472782e+01 5.9301473628598345e+01
    -1.1256764167604226e-01 3.7025722882801793e-01
    1.4595662979725326e+00 7.7250719972581736e+00
    -1.1759774693468721e+01 6.0227816658877757e+01
    1.1832715615427519e-01 5.9268030920730708e-01 1.3736766649368086e+00
    1.6360291335911665e+01 -1.3109611632457522e+01
    6.0353789615533287e+01 1.8233019048510932e-01 6.4950498994498285e-01
    1.3025296048376098e+00 1.6754945096967642e+01
    -1.3115295901782071e+01 6.0633952071997896e+01
    3.7138245003765513e-01 7.6771286697775609e-01 1.2011045100061815e+00
    2.2531678566168853e+01 -1.3948368948313902e+01
    6.2581518963200196e+01 3.1076105389927056e-01 8.6136525014096821e-01
    1.1069382522014006e+00 2.2324645945934570e+01
    -7.0692906107303637e+00 6.6416286204889587e+01
    4.3967795223045536e-01 7.8959544407818771e-01 1.0597284826331568e+00
    1.9349907054428591e+01 -1.4938795007783888e+01
    6.3278634372453674e+01 -1.9080798568512278e-01
    1.8589289041862644e-01 1.3575682077804503e+00
    -6.1380064458294337e+00 -1.3900579036944825e+01
    6.1159564485697011e+01 -2.3565464183583185e-01
    2.2094968317045435e-01 1.4902399452814621e+00
    -1.9578656987353240e+00 -1.4127422379914290e+01
    6.3134640011079817e+01</data></extrinsic_parameters>
