<?xml version="1.0"?>
<opencv_storage>
<calibration_time>"Mon Jul 18 14:10:28 2016"</calibration_time>
<nr_of_frames>30</nr_of_frames>
<image_width>1280</image_width>
<image_height>960</image_height>
<board_width>9</board_width>
<board_height>6</board_height>
<square_size>2.4200000762939453e+00</square_size>
<fix_aspect_ratio>1.</fix_aspect_ratio>
<!-- flags: +fix_aspectRatio +fix_principal_point +zero_tangent_dist -->
<flags>6158</flags>
<fisheye_model>0</fisheye_model>
<camera_matrix type_id="opencv-matrix">
  <rows>3</rows>
  <cols>3</cols>
  <dt>d</dt>
  <data>
    1.2292878069548683e+03 0. 6.3950000000000000e+02 0.
    1.2292878069548683e+03 4.7950000000000000e+02 0. 0. 1.</data></camera_matrix>
<distortion_coefficients type_id="opencv-matrix">
  <rows>5</rows>
  <cols>1</cols>
  <dt>d</dt>
  <data>
    -1.6893263442701204e-02 4.3442740581195777e-01 0. 0.
    -2.0280432502947550e+00</data></distortion_coefficients>
<avg_reprojection_error>8.4131359390777449e-01</avg_reprojection_error>
<per_view_reprojection_errors type_id="opencv-matrix">
  <rows>30</rows>
  <cols>1</cols>
  <dt>f</dt>
  <data>
    3.97514880e-01 4.48806763e-01 6.23305976e-01 4.15358990e-01
    7.25398600e-01 2.11401653e+00 3.58075738e-01 2.57865995e-01
    3.65031362e-01 2.85921901e-01 2.67334282e-01 2.24913016e-01
    2.28962108e-01 2.60816276e-01 4.61425096e-01 4.74591702e-01
    2.28067517e-01 6.39421344e-01 2.33669594e-01 2.55268157e-01
    3.65605116e-01 2.55929440e-01 3.74163419e-01 2.32754633e-01
    4.15465593e-01 6.21484518e-01 3.04224074e-01 3.99843633e-01
    6.57416224e-01 3.46564388e+00</data></per_view_reprojection_errors>
<extrinsic_parameters type_id="opencv-matrix">
  <rows>30</rows>
  <cols>6</cols>
  <dt>d</dt>
  <data>
    -3.0468486677229850e-01 -3.4049105186603124e-01
    2.9468356738254231e+00 1.6731249300848102e+01 9.1450539144481606e+00
    5.0899702374741516e+01 -3.2699387206598685e-01
    -2.8414597199396385e-01 2.8908964987366237e+00
    1.6759431051161624e+01 9.0377889213004519e+00 5.1270863171619006e+01
    -3.2872608836420492e-01 -2.2924868274531057e-01
    2.8418483650180781e+00 1.6925886230781419e+01 9.1119649748355691e+00
    5.1821437633455801e+01 -5.5053949746571407e-02
    2.6792856509136886e-01 2.4988349210498941e+00 2.1828641443110385e+01
    5.1655935032912579e+00 5.2470985381303819e+01 8.3891376148714336e-02
    3.4214221482332124e-01 2.2931314857376672e+00 2.0312646396250134e+01
    -3.3286693653341377e+00 5.3823157405776506e+01
    -2.0630426114215697e-01 4.6109727212236823e-01
    2.1158231870525959e+00 1.5577086071009589e+01
    -3.2659768353435608e+00 6.7033300070940840e+01
    -2.3989030195509725e-01 3.6769599274288423e-01
    2.0106380847218053e+00 1.0208523547473000e+01
    -8.3489259203717729e+00 7.2790467426348329e+01
    -9.8856369990337450e-02 2.9789880961864501e-01
    1.9921290951085457e+00 1.3039892301103238e+01
    -1.4426264632835409e+01 7.1191352731680823e+01
    -1.7446400721389810e-01 4.3096793520701332e-01
    1.9984645198024129e+00 1.3993259871803660e+01
    -2.3823332363078094e+00 7.3021980934009108e+01
    -2.5112984946967876e-01 5.3305341970156261e-01
    1.9639857490219907e+00 1.2456448772298971e+01 3.3884078458421798e+00
    7.4454271263057734e+01 -2.6065372610467469e-01
    4.9902957309689333e-01 1.9278886910239217e+00 1.3199448029470519e+01
    3.7203641412516033e+00 7.3397674155762473e+01
    -2.7143284313879024e-01 4.5963817782446625e-01
    1.9131666126466584e+00 1.3677766998946682e+01 1.5183995484875181e+00
    7.3296842268549085e+01 -2.4936033900877219e-01
    3.8763136024298861e-01 1.9525369706898099e+00 1.6900949233174526e+01
    -2.3785771432864635e+00 7.2135638009091750e+01
    -1.3572537288577941e-01 2.9614037968196266e-01
    2.0926253862331614e+00 2.4660250783882926e+01
    -7.6660717303610113e+00 6.8067538052807407e+01
    1.7822870746901823e-02 2.4658831201339976e-01 2.0123577502340764e+00
    2.7393085360151019e+01 -1.1101863530198427e+01
    6.5706937750269262e+01 5.1336281321756459e-02 3.6220133844343805e-01
    1.9066775911549427e+00 2.6394476415316472e+01
    -9.5789391885491266e+00 6.6008076947487808e+01
    -8.5575804546989525e-03 2.6230589039918684e-01
    1.9158492596464154e+00 2.0375396680541218e+01
    -1.1930521243446277e+01 6.8065462996446698e+01
    6.7823473918580734e-02 2.1918600439244645e-01 1.7581251165024114e+00
    1.4017105743118668e+01 -1.5977878303260743e+01
    6.6953187459997054e+01 5.7243877098745680e-03 3.2039386796597846e-01
    1.6472597378436320e+00 1.3756645133939998e+01
    -8.2705599647750088e+00 6.6509293098140930e+01
    1.9950540329097974e-02 1.7280792343975529e-01 1.6503654142164859e+00
    1.0005417766643644e+01 -1.3834058512801684e+01
    6.4798284709740145e+01 4.1148951057047148e-02 2.0144445093579172e-01
    1.6852845847770732e+00 1.0095447185992848e+01
    -1.3469914465582594e+01 6.4352049943486264e+01
    -4.5877980708754221e-02 1.0068378885389685e-01
    1.6567066834830126e+00 3.0212640141372922e+00
    -1.2007067866274094e+01 6.3898472396787803e+01
    1.1640663298407858e-03 1.1753605476571166e-01 1.6610845002644659e+00
    7.7755421627666701e+00 -9.9065727084924031e+00
    6.4197508642728891e+01 1.3379243615982983e-01 2.6435601809436005e-01
    1.6988193783454357e+00 1.5213064787352565e+01
    -6.7082897255607428e+00 6.1802225191258927e+01
    1.3025449476010700e-01 2.8929078336350034e-01 1.5464962122297183e+00
    7.1641390260692930e+00 -6.8063731353404107e+00
    6.1084727929882170e+01 1.4963503521997518e-01 3.8674384143541291e-01
    1.5248390840360893e+00 5.7611942473980946e+00
    -6.6774150789048452e+00 6.1336983014974180e+01
    2.0137133349096731e-01 3.2822634833934389e-01 1.5691350184047375e+00
    7.4039034767340683e-01 -9.4434634405360196e+00
    5.9003693969175139e+01 2.7472259136126193e-01 3.4891267621575739e-01
    1.6571197754034908e+00 -1.2352169091327394e+00
    -1.2708199775165280e+01 5.4269668157166471e+01
    2.7403030922779165e-01 4.5033283189855972e-01 1.6779238909561207e+00
    -5.0383616497100858e+00 -1.1291972534407046e+01
    4.7745705583621714e+01 4.1102305525590993e-01 6.1023684132598166e-01
    1.7011356345856350e+00 4.9533213547773292e+00
    -8.6450132769403290e+00 3.9056862578426873e+01</data></extrinsic_parameters>
